loss: [0.16649770736694336, 0.03386765345931053, 0.030132606625556946, 0.02805282175540924, 0.025869574397802353, 0.024285638704895973, 0.022144369781017303, 0.019111035391688347, 0.016103470697999, 0.013890352100133896, 0.012917222455143929, 0.01238181907683611, 0.011870539747178555, 0.011412583291530609, 0.010985946282744408, 0.010562317445874214, 0.01023377850651741, 0.009927459061145782, 0.009609629400074482, 0.009352157823741436, 0.009202479384839535, 0.008890554308891296, 0.008698965422809124, 0.0084705650806427, 0.008305088616907597, 0.008111073635518551, 0.007940392941236496, 0.007824894040822983, 0.0077315429225564, 0.007609010674059391, 0.0074642556719481945, 0.007391427177935839, 0.007243428844958544, 0.007155457511544228, 0.007049122359603643, 0.006962253712117672, 0.006893774960190058, 0.006790980231016874, 0.006714982446283102, 0.006629793904721737, 0.006562286987900734, 0.006506447680294514, 0.00644332030788064, 0.00640993332490325, 0.006286674179136753, 0.006212997250258923, 0.00617621373385191, 0.00613491702824831, 0.006075849756598473, 0.006012518424540758]
val_loss: [0.03173800930380821, 0.02009107545018196, 0.019541794434189796, 0.01884433440864086, 0.01790495403110981, 0.01641898974776268, 0.013077473267912865, 0.009472188539803028, 0.007485806941986084, 0.006596106570214033, 0.006024934817105532, 0.005778423976153135, 0.005391562357544899, 0.0052571059204638, 0.005037040449678898, 0.004877434577792883, 0.004280522000044584, 0.00413943687453866, 0.003952532075345516, 0.0035762330517172813, 0.0034986636601388454, 0.003273449372500181, 0.0032653675880283117, 0.0032985422294586897, 0.0030095987021923065, 0.00290510687045753, 0.0028670276515185833, 0.0026932309847325087, 0.0026056228671222925, 0.002583783119916916, 0.002486150013282895, 0.002426616847515106, 0.0024458623956888914, 0.002407476771622896, 0.0023993179202079773, 0.002359215170145035, 0.002206185832619667, 0.002166702412068844, 0.0021005028393119574, 0.0020648837089538574, 0.0021135848946869373, 0.002083167666569352, 0.002280711429193616, 0.002044243272393942, 0.0019893271382898092, 0.0020003539975732565, 0.002164993667975068, 0.0021402740385383368, 0.0018511917442083359, 0.0019103155937045813]
